         582
         582  0.50000000000000000     
           1  -299.18624199083257        40.189088969198650       0.44501847273551920       0.89552138942860871     
           2  -298.26987434571231        39.792202194050162       0.34875507756145407       0.93721390081192457     
           3  -297.31068881407089        39.521218984457491       0.19321134162389231       0.98115716247087337     
           4  -296.32553946167252        39.351130306689882       0.14696601391133313       0.98914154232597773     
           5  -295.33670524785350        39.202124791474702       0.15104501651902671       0.98852688531206223     
           6  -294.34837586871419        39.049798309314639       0.15360794780108825       0.98813187296652782     
           7  -293.35911502389808        38.903842308970994       0.13830405288620704       0.99038981666576587     
           8  -292.36814164470354        38.769854275324590       0.12967201440661597       0.99155694172333364     
           9  -291.37633317743928        38.642135498868818       0.12576553850492408       0.99205999280515622     
          10  -290.38442549675858        38.515179941047833       0.12814557713704403       0.99175536855628565     
          11  -289.39139333525657        38.397839659800773       0.10653498535707523       0.99430895444774503     
          12  -288.39650587824548        38.297012932139410        9.5118469965648308E-002  0.99546595957440664     
          13  -287.40166709135724        38.195733900559397       0.10743959319438802       0.99421161420203918     
          14  -286.40782076911324        38.085015326646726       0.11399755463095358       0.99348103028601542     
          15  -285.41354885173746        37.978392928017300        9.9247242627893931E-002  0.99506280446550710     
          16  -284.41836105062066        37.880415313592188        9.6707986222329276E-002  0.99531279776802928     
          17  -283.42756533662168        37.749516690807553       0.16508925934694366       0.98627863022995566     
          18  -282.44014415009644        37.591570260126971       0.15080360201422635       0.98856374282063098     
          19  -281.45271846603481        37.433650703189620       0.16503551186046478       0.98628762530255576     
          20  -280.46729705568112        37.263595716321177       0.17507446187642475       0.98455519540484893     
          21  -279.48118852707239        37.097757708374054       0.15660155401782716       0.98766186181263560     
          22  -278.49556663582035        36.929225831836021       0.18046219905824584       0.98358192069143990     
          23  -277.51026381546228        36.758707472874377       0.16057451886503915       0.98702372002463112     
          24  -276.52385754923364        36.594425545035676       0.16798933681235279       0.98578881243263561     
          25  -275.54061892801650        36.412642580728530       0.19557659180193371       0.98068843000166983     
          26  -274.55972809847191        36.218086423635569       0.19353572238398326       0.98109322908748575     
          27  -273.58009614965772        36.017416994594114       0.20780313569892853       0.97817066854087009     
          28  -272.60073738371364        35.815372866175977       0.19628512113734425       0.98054686334723340     
          29  -271.61909748541552        35.624715466381708       0.18502967845118337       0.98273293324903477     
          30  -270.63653644194540        35.438777462590522       0.18684632913117619       0.98238915369124680     
          31  -269.65719699536857        35.237120356236090       0.21646788357767938       0.97628973946231778     
          32  -268.67924293306885        35.028452581127070       0.20086766664035352       0.97961838513701838     
          33  -267.69754184637185        34.838339516707038       0.17935846219972273       0.98378378825702895     
          34  -266.70802889940740        34.699943884113935        9.7432802986468309E-002  0.99524210567188132     
          35  -265.71216760802247        34.609314898702983        8.3825167835440417E-002  0.99648047709795107     
          36  -264.71710531993517        34.511118648481585       0.11256733260734789       0.99364409907655915     
          37  -263.72281732381202        34.404559421630182       0.10055112109545766       0.99493189316980224     
          38  -262.72679838840622        34.316271792765889        7.6024136633131789E-002  0.99710597764188880     
          39  -261.73050710877499        34.230756104994789        9.5007238909078723E-002  0.99547658162051877     
          40  -260.73515632309346        34.134448746462759        9.7607478154986299E-002  0.99522498974263296     
          41  -259.74004144219248        34.035731322941530        9.9827368887481296E-002  0.99500477205941218     
          42  -258.74426315685366        33.944331156750934        8.2972963493694943E-002  0.99655179861815224     
          43  -257.74657509796236        33.878606381718555        4.8476586571076848E-002  0.99882431916449499     
          44  -256.74732881540501        33.867246345681806       -2.5756514497580058E-002  0.99966824595009318     
          45  -255.74755242016272        33.887722260479478       -1.5195315097777573E-002  0.99988454453455744     
          46  -254.74764492485264        33.901217014582784       -1.1794193108819649E-002  0.99993044608558246     
          47  -253.74771447876708        33.913011207691596       -1.1794193108819649E-002  0.99993044608558246     
          48  -252.74814414835660        33.938776285827984       -3.9735963163941498E-002  0.99921021473533478     
          49  -251.74931505664441        33.986490514108198       -5.5692493396484889E-002  0.99844796868904617     
          50  -250.75086708795536        34.042183007504676       -5.5692493396484889E-002  0.99844796868904617     
          51  -249.75179561108632        34.082377704184637       -2.4696899963437387E-002  0.99969498504903798     
          52  -248.75199404831932        34.087949160144646        1.3553988043419618E-002  0.99990814048497423     
          53  -247.75208590783433        34.074395172101234        1.3553988043412514E-002  0.99990814048497434     
          54  -246.75217776734939        34.060841184057821        1.3553988043419618E-002  0.99990814048497423     
          55  -245.75227259445188        34.061056682727745       -1.3984985383274397E-002  0.99990220531001417     
          56  -244.75237745045519        34.075529518121641       -1.4960685404517249E-002  0.99988808268337070     
          57  -243.75248936777183        34.090490203526159       -1.4960685404517249E-002  0.99988808268337070     
          58  -242.75254560374211        34.098497150353339       -1.0532082498429002E-003  0.99999944537603747     
          59  -241.75258597837504        34.092691636889512        1.2664235177496029E-002  0.99991980535809422     
          60  -240.75266617301693        34.080027401712016        1.2664235177496029E-002  0.99991980535809422     
          61  -239.75275166193154        34.080432459588174       -1.3474350929811944E-002  0.99990921681271661     
          62  -238.75300538866315        34.101601950683616       -2.8864631261079094E-002  0.99958332972402153     
          63  -237.75342205893912        34.130466581944702       -2.8864631261079094E-002  0.99958332972402153     
          64  -236.75383872921509        34.159331213205775       -2.8864631261079094E-002  0.99958332972402153     
          65  -235.75959819529214        34.248062357120219      -0.14859765656780299       0.98889773812187343     
          66  -234.77090335621264        34.397997956358452      -0.15127354190866729       0.98849194003714913     
          67  -233.78241141617551        34.549271498267117      -0.15127354190866035       0.98849194003715024     
          68  -232.79391947613837        34.700545040175768      -0.15127354190866035       0.98849194003715024     
          69  -231.81092831829380        34.881671817182550      -0.21098001210489012       0.97749037565196550     
          70  -230.83533915587142        35.101104547439625      -0.22788544840926575       0.97368794919281410     
          71  -229.86165120667860        35.328989995848893      -0.22788544840926575       0.97368794919281410     
          72  -228.88796325748578        35.556875444258168      -0.22788544840927244       0.97368794919281232     
          73  -227.91330209400695        35.780519536872120      -0.21940273681863390       0.97563437776479234     
          74  -226.93287474241447        35.975866848528810      -0.17129188649474375       0.98522032542019344     
          75  -225.94765441699428        36.147158735023552      -0.17129188649474375       0.98522032542019344     
          76  -224.96243409157410        36.318450621518295      -0.17129188649474375       0.98522032542019344     
          77  -223.97721376615391        36.489742508013038      -0.17129188649474375       0.98522032542019344     
          78  -222.99199344073372        36.661034394507780      -0.17129188649474375       0.98522032542019344     
          79  -222.00093552321266        36.786048290761229       -7.8735906012156312E-002  0.99689550962196882     
          80  -221.00344583277453        36.856354027875383       -6.1875568216145746E-002  0.99808387125427955     
          81  -220.00536196152026        36.918229596091528       -6.1875568216152824E-002  0.99808387125427911     
          82  -219.00727809026600        36.980105164307673       -6.1875568216145746E-002  0.99808387125427955     
          83  -218.00919421901173        37.041980732523825       -6.1875568216152824E-002  0.99808387125427911     
          84  -217.01111034775747        37.103856300739977       -6.1875568216145746E-002  0.99808387125427955     
          85  -216.01305714632181        37.166222680046971       -6.2857190397842724E-002  0.99802253161704191     
          86  -215.01838533844744        37.263382752020604      -0.13146295354943147       0.99132108413170550     
          87  -214.02706425431575        37.394845705570035      -0.13146295354943147       0.99132108413170550     
          88  -213.03574317018405        37.526308659119465      -0.13146295354943147       0.99132108413170550     
          89  -212.04442208605235        37.657771612668896      -0.13146295354943147       0.99132108413170550     
          90  -211.05310100192065        37.789234566218326      -0.13146295354943147       0.99132108413170550     
          91  -210.06177991778895        37.920697519767756      -0.13146295354943846       0.99132108413170461     
          92  -209.07045883365726        38.052160473317194      -0.13146295354943147       0.99132108413170550     
          93  -208.07919345876235        38.184042155507157      -0.13230041083050290       0.99120966565811908     
          94  -207.08874350148665        38.321804530358740      -0.14322433887265526       0.98969024889330448     
          95  -206.09905325259331        38.465028869231396      -0.14322433887265526       0.98969024889330448     
          96  -205.10936300370003        38.608253208104060      -0.14322433887266223       0.98969024889330359     
          97  -204.11967275480669        38.751477546976716      -0.14322433887265526       0.98969024889330448     
          98  -203.12998250591340        38.894701885849372      -0.14322433887266223       0.98969024889330359     
          99  -202.14029225702006        39.037926224722035      -0.14322433887265526       0.98969024889330448     
         100  -201.15060200812678        39.181150563594699      -0.14322433887266223       0.98969024889330359     
         101  -200.16018483517672        39.319158099903753      -0.13279073374545275       0.99114409700675932     
         102  -199.16889098730118        39.450821358018779      -0.13053578248459841       0.99144359874434296     
         103  -198.17744738855683        39.581357140503378      -0.13053578248459841       0.99144359874434296     
         104  -197.18600378981247        39.711892922987978      -0.13053578248459841       0.99144359874434296     
         105  -196.19456019106812        39.842428705472585      -0.13053578248460540       0.99144359874434207     
         106  -195.20311659232377        39.972964487957185      -0.13053578248459841       0.99144359874434296     
         107  -194.21167299357941        40.103500270441785      -0.13053578248460540       0.99144359874434207     
         108  -193.22022939483506        40.234036052926399      -0.13053578248460540       0.99144359874434207     
         109  -192.22878579609070        40.364571835410999      -0.13053578248459841       0.99144359874434296     
         110  -191.23746697164464        40.496048402353026      -0.13241735139945995       0.99119405014777617     
         111  -190.24712908732914        40.634586063922129      -0.14465797173873898       0.98948171848318356     
         112  -189.25764736884599        40.779244035660867      -0.14465797173873898       0.98948171848318356     
         113  -188.26816565036279        40.923902007399604      -0.14465797173873898       0.98948171848318356     
         114  -187.27868393187964        41.068559979138342      -0.14465797173874595       0.98948171848318256     
         115  -186.28920221339644        41.213217950877088      -0.14465797173873898       0.98948171848318356     
         116  -185.29972049491329        41.357875922615825      -0.14465797173873898       0.98948171848318356     
         117  -184.31023877643008        41.502533894354571      -0.14465797173874595       0.98948171848318256     
         118  -183.32075705794693        41.647191866093308      -0.14465797173873898       0.98948171848318356     
         119  -182.33077696176559        41.788354696801854      -0.13766768967835263       0.99047847387948063     
         120  -181.33883666431814        41.914530118969296      -0.11468315465653954       0.99340212101546488     
         121  -180.34543454330264        42.029213273625842      -0.11468315465653954       0.99340212101546488     
         122  -179.35203242228721        42.143896428282375      -0.11468315465653954       0.99340212101546488     
         123  -178.35863030127172        42.258579582938921      -0.11468315465653954       0.99340212101546488     
         124  -177.36522818025628        42.373262737595454      -0.11468315465653954       0.99340212101546488     
         125  -176.37182605924079        42.487945892252000      -0.11468315465653954       0.99340212101546488     
         126  -175.37842393822535        42.602629046908532      -0.11468315465653954       0.99340212101546488     
         127  -174.38502181720986        42.717312201565079      -0.11468315465653954       0.99340212101546488     
         128  -173.39161969619443        42.831995356221611      -0.11468315465653954       0.99340212101546488     
         129  -172.39821757517893        42.946678510878158      -0.11468315465653954       0.99340212101546488     
         130  -171.40481545416350        43.061361665534690      -0.11468315465653253       0.99340212101546566     
         131  -170.41141333314800        43.176044820191223      -0.11468315465653954       0.99340212101546488     
         132  -169.41801121213257        43.290727974847762      -0.11468315465653253       0.99340212101546566     
         133  -168.42460909111708        43.405411129504301      -0.11468315465653954       0.99340212101546488     
         134  -167.43120697010164        43.520094284160834      -0.11468315465653253       0.99340212101546566     
         135  -166.43780484908615        43.634777438817366      -0.11468315465653954       0.99340212101546488     
         136  -165.44808674173743        43.775390809234111      -0.16654358617694445       0.98603409368202000     
         137  -164.47306486004373        43.991596191676891      -0.26586717870861726       0.96400966970540314     
         138  -163.50905519033830        44.257463370385508      -0.26586717870861726       0.96400966970540314     
         139  -162.52729173227908        44.405931390232205       -3.1068860984774668E-002  0.99951724641304152     
         140  -161.52832685028517        44.393303590921661        5.6324459605868522E-002  0.99841251757482841     
         141  -160.52991433271035        44.336979131315786        5.6324459605868522E-002  0.99841251757482841     
         142  -159.53150181513553        44.280654671709918        5.6324459605875600E-002  0.99841251757482796     
         143  -158.53340592791471        44.219188708759347        6.6607466295259349E-002  0.99777925686683111     
         144  -157.53564946376423        44.152241547997392        6.7286855228658807E-002  0.99773367143413449     
         145  -156.53742414864470        44.093277989086346        5.0640262593432211E-002  0.99871695880487987     
         146  -155.53806829695810        44.066336836840186        3.2420418988863687E-003  0.99999474456835313     
         147  -154.53807355238973        44.063094794941307        3.2420418988792638E-003  0.99999474456835324     
         148  -153.53878104748858        44.088013754115792       -5.3079960247849667E-002  0.99859026523398808     
         149  -152.54046906602613        44.145893558239592       -6.2679647999751772E-002  0.99803369769092831     
         150  -151.54248121242188        44.209294829648755       -6.4122894818588350E-002  0.99794200951762946     
         151  -150.54468246640613        44.275574467433074       -6.8436380750042478E-002  0.99765548251379599     
         152  -149.54702698389235        44.344010848183117       -6.8436380750042478E-002  0.99765548251379599     
         153  -148.55011721281562        44.421981656429210       -8.7505235742135964E-002  0.99616405963963250     
         154  -147.55832767134041        44.544809510215522      -0.15815047183049361       0.98741502331076181     
         155  -146.57091264802966        44.702959982046018      -0.15815047183049361       0.98741502331076181     
         156  -145.58349762471886        44.861110453876513      -0.15815047183049361       0.98741502331076181     
         157  -144.59608260140811        45.019260925707009      -0.15815047183049361       0.98741502331076181     
         158  -143.60940268743454        45.181871845929294      -0.16707136861407568       0.98594480463635470     
         159  -142.62549125342309        45.360164414736019      -0.18951376899938221       0.98187806338651284     
         160  -141.64361319003660        45.549678183735409      -0.18951376899938221       0.98187806338651284     
         161  -140.66173512665006        45.739191952734785      -0.18951376899938221       0.98187806338651284     
         162  -139.69427651243362        45.985372373951577      -0.30284707343420342       0.95303916504639941     
         163  -138.74873587273959        46.310056546504811      -0.34652127167225222       0.93804211434169904     
         164  -137.81069375839786        46.656577818177055      -0.34652127167224595       0.93804211434170137     
         165  -136.87902530187449        47.019462777010901      -0.37924864599545027       0.92529479870504938     
         166  -135.95409106159030        47.399588744887055      -0.38100328975685926       0.92457368186340394     
         167  -135.02951737972688        47.780592034643902      -0.38100328975685926       0.92457368186340394     
         168  -134.10494369786352        48.161595324400764      -0.38100328975685926       0.92457368186340394     
         169  -133.18037001600010        48.542598614157612      -0.38100328975685926       0.92457368186340394     
         170  -132.25579633413673        48.923601903914474      -0.38100328975685926       0.92457368186340394     
         171  -131.33976007697265        49.324130850039182      -0.42005460249257492       0.90749883246470620     
         172  -130.44015792055012        49.760466202545018      -0.45261610251907602       0.89170548038040087     
         173  -129.54845244016968        50.213082305064091      -0.45261610251907602       0.89170548038040087     
         174  -128.65571100938558        50.663645787070024      -0.44851086149277869       0.89377738118784678     
         175  -127.74481279909186        51.074167601332000      -0.37253276703117266       0.92801903939956853     
         176  -126.81679375969229        51.446700368363175      -0.37253276703117266       0.92801903939956853     
         177  -125.87012521331074        51.763505113913126      -0.26107672406873067       0.96531805336352228     
         178  -124.90156784012179        52.011953597911528      -0.23582024392806603       0.97179669301439153     
         179  -123.92690015494088        52.235241770590441      -0.21075610142976592       0.97753867734741129     
         180  -122.94711240202048        52.434964491905511      -0.18868934120037384       0.98203682849339657     
         181  -121.96507557352709        52.623653833105884      -0.18868934120037384       0.98203682849339657     
         182  -120.97727203544369        52.774607166775951      -0.11321732613975423       0.99357024767339153     
         183  -119.98073424915808        52.846940853699678       -3.1450047707700296E-002  0.99950532489786337     
         184  -118.98122892426019        52.878390901407371       -3.1450047707700296E-002  0.99950532489786337     
         185  -117.98172359936234        52.909840949115079       -3.1450047707700296E-002  0.99950532489786337     
         186  -116.98242469029941        52.904269318445628        4.2593309046601621E-002  0.99909249322795968     
         187  -115.98668172898851        52.821419269832475       0.12310678817969786       0.99239342939384634     
         188  -115.04193587057668        52.538950358694535       0.44183103409617552       0.89709828742981346     
         189  -114.14483758314688        52.097119324598360       0.44183103409618124       0.89709828742981057     
         190  -113.28944953142179        51.585545756003285       0.58131610309397430       0.81367781602034339     
         191  -112.48148846587199        50.996389773591190       0.59699586173021002       0.80224431507926819     
         192  -111.64150936235524        50.458299311607881       0.47918506223641005       0.87771389195425642     
         193  -110.75415410298734        49.997688086968850       0.44203738704164508       0.89699662678150305     
         194  -109.80869324025075        49.721640087186060       0.11005861252394958       0.99392509869169876     
         195  -108.81476814155904        49.611581474662110       0.11005861252394257       0.99392509869169965     
         196  -107.81976714871416        49.512306165223961        8.8492006352353811E-002  0.99607688699805452     
         197  -106.82355131791758        49.425407016965920        8.5306290163736254E-002  0.99635477459512412     
         198  -105.82672809781653        49.345979785522744        7.3548172722602834E-002  0.99729166560699101     
         199  -104.82937261697505        49.345103985385741       -7.1796572448590626E-002  0.99741929607594537     
         200  -103.83195332089910        49.416900557834332       -7.1796572448590626E-002  0.99741929607594537     
         201  -102.83453402482316        49.488697130282922       -7.1796572448590626E-002  0.99741929607594537     
         202  -101.83686813396753        49.556885782768362       -6.4580732522287951E-002  0.99791248563533097     
         203  -100.83888442998916        49.620346535737326       -6.2340773415634196E-002  0.99805492232138238     
         204  -99.840829507667777        49.682687309152954       -6.2340773415634196E-002  0.99805492232138238     
         205  -98.844050974331310        49.761227202379814       -9.4739013038073194E-002  0.99550214435156892     
         206  -97.851009435383020        49.877060958871212      -0.13692849994472980       0.99058093354500132     
         207  -96.860428501838015        50.013989458815942      -0.13692849994472281       0.99058093354500221     
         208  -95.870212483545416        50.153507902559866      -0.14210838754312524       0.98985110304019619     
         209  -94.880510182731854        50.296645162016731      -0.14416613137061068       0.98955349858692931     
         210  -93.890956684144925        50.440811293387341      -0.14416613137061068       0.98955349858692931     
         211  -92.899723730510942        50.572318572755307      -0.11884842736532240       0.99291240868104258     
         212  -91.906343125650167        50.687115524925261      -0.11074547697457895       0.99384880104051698     
         213  -90.912474424407804        50.797682121583648      -0.11038771634220937       0.99388860144422231     
         214  -89.917696130307434        50.899365925302746       -9.2979891095986297E-002  0.99566798675651846     
         215  -88.922028143550904        50.992345816398732       -9.2979891095979247E-002  0.99566798675651913     
         216  -87.926495054725876        51.086748290490448       -9.5825057087452564E-002  0.99539819089356718     
         217  -86.931483874239348        51.186436199992912      -0.10355076191747496       0.99462417007948822     
         218  -85.936859704159843        51.289986961910387      -0.10355076191748197       0.99462417007948734     
         219  -84.942235534080368        51.393537723827869      -0.10355076191747496       0.99462417007948822     
         220  -83.948499365243578        51.505005055887864      -0.11938390220251367       0.99284816759406902     
         221  -82.955736602877693        51.625094988383566      -0.12079596278888971       0.99267735713770833     
         222  -81.963059245739970        51.745890951172456      -0.12079596278888270       0.99267735713770910     
         223  -80.970735199168246        51.869522742566417      -0.12646761999905495       0.99197073600574259     
         224  -79.980328304720103        52.007237115047225      -0.14896112496255384       0.98884305289054364     
         225  -78.991485251829573        52.156198240009786      -0.14896112496256078       0.98884305289054253     
         226  -78.005412529370901        52.321668370346949      -0.18197913571177057       0.98330239202678493     
         227  -77.041352491869560        52.576456248584890      -0.32759662076411122       0.94481768297589308     
         228  -76.096534808893665        52.904052869349002      -0.32759662076411122       0.94481768297589308     
         229  -75.184682169063905        53.306365640715967      -0.47702892196982832       0.87888759668361660     
         230  -74.292187962257316        53.756411015257008      -0.42306182711224788       0.90610081692957689     
         231  -73.356355124017796        54.098023155363315      -0.26016245310036445       0.96556485954947668     
         232  -72.374408964961859        54.257010633315076       -5.7812502803152283E-002  0.99832745856238747     
         233  -71.375562873224169        54.268097326644032        3.5639116145233476E-002  0.99936472491297512     
         234  -70.376420542047299        54.273510066043315       -4.6464594943806475E-002  0.99891993744078822     
         235  -69.377586283586510        54.321748737628418       -5.0012748226393580E-002  0.99874857948076368     
         236  -68.379611032494751        54.384132663018789       -7.4755102554349181E-002  0.99720192270276375     
         237  -67.382852247616654        54.464391245756524       -8.5762062921120083E-002  0.99631564705343956     
         238  -66.387981260199453        54.564508915988910      -0.11447327754365991       0.99342632778098461     
         239  -65.394554932418473        54.678982193532576      -0.11447327754365991       0.99342632778098461     
         240  -64.402939503113259        54.807435036130329      -0.14243240765184592       0.98980453082944542     
         241  -63.413668985341829        54.953484595231643      -0.14966671055078198       0.98873650471341890     
         242  -62.424932480628399        55.103151305782418      -0.14966671055077505       0.98873650471342001     
         243  -61.461543906618274        55.351247287945803      -0.34652525377599319       0.93804064330682591     
         244  -60.526342127155786        55.705271770309466      -0.36152371095132330       0.93236291561815365     
         245  -59.617993622129056        56.119460921435874      -0.46685459130149892       0.88433409443530464     
         246  -58.738336554730139        56.594967712793711      -0.48415899141417762       0.87498004036252519     
         247  -57.845213273865994        57.042955760434609      -0.41181710386761222       0.91126652136578157     
         248  -56.933574217263200        57.453946525364707      -0.41016442599259112       0.91201159183980129     
         249  -55.997600073965373        57.799137216032051      -0.28021695534209790       0.95993669475585985     
         250  -55.037663379209505        58.079354171374149      -0.28021695534209790       0.95993669475585985     
         251  -54.065783663996143        58.309035000774244      -0.17914470345809930       0.98382273567086753     
         252  -53.076998562544318        58.454432909751858      -0.11165111449711430       0.99374746723277352     
         253  -52.085161611224905        58.581049802070893      -0.14158267014095607       0.98992643540606451     
         254  -51.129987616654240        58.847304793238578      -0.39092731219442167       0.92042155373526824     
         255  -50.207852031106576        59.234146272308870      -0.38275564594616240       0.92384961736006366     
         256  -49.247704164200172        59.467640413396865       -8.4232636229835164E-002  0.99644611645275250     
         257  -48.253691525679514        59.574507732057157      -0.12950200109073517       0.99157916058855100     
         258  -47.262112365090971        59.704009733147885      -0.12950200109073517       0.99157916058855100     
         259  -46.270533204502414        59.833511734238620      -0.12950200109072818       0.99157916058855189     
         260  -45.278954043913870        59.963013735329355      -0.12950200109073517       0.99157916058855100     
         261  -44.287374883325313        60.092515736420083      -0.12950200109072818       0.99157916058855189     
         262  -43.295795722736770        60.222017737510811      -0.12950200109073517       0.99157916058855100     
         263  -42.310432387256839        60.388344021631582      -0.20315056715080651       0.97914751037129533     
         264  -41.332913304799007        60.599049308383201      -0.21826000635241630       0.97589065454437229     
         265  -40.357022650254635        60.817309314735610      -0.21826000635240952       0.97589065454437385     
         266  -39.381131995710263        61.035569321088019      -0.21826000635241630       0.97589065454437229     
         267  -38.406787457683230        61.260525952364432      -0.23165325620040261       0.97279842150969320     
         268  -37.434176280966270        61.492962717910991      -0.23322027489271530       0.97242393192422327     
         269  -36.461752349042044        61.726182992803700      -0.23322027489270861       0.97242393192422494     
         270  -35.489328417117818        61.959403267696416      -0.23322027489271530       0.97242393192422327     
         271  -34.516904485193592        62.192623542589132      -0.23322027489270861       0.97242393192422494     
         272  -33.544480553269366        62.425843817481841      -0.23322027489271530       0.97242393192422327     
         273  -32.573516286533270        62.664990508226914      -0.24507310659743109       0.96950460154796803     
         274  -31.608575058334015        62.926877676802953      -0.27870123055464524       0.96037785485054084     
         275  -30.648197203483473        63.205578907357598      -0.27870123055464524       0.96037785485054084     
         276  -29.687819348632932        63.484280137912243      -0.27870123055464524       0.96037785485054084     
         277  -28.727441493782390        63.762981368466889      -0.27870123055464524       0.96037785485054084     
         278  -27.764606385935856        64.032917834910265      -0.26117170233211379       0.96529236084253045     
         279  -26.798288568906166        64.290238637611139      -0.25346990306961398       0.96734327321684555     
         280  -25.830945295689318        64.543708540680740      -0.25346990306961398       0.96734327321684555     
         281  -24.863602022472470        64.797178443750369      -0.25346990306961398       0.96734327321684555     
         282  -23.896258749255622        65.050648346819969      -0.25346990306960065       0.96734327321684899     
         283  -22.928915476038775        65.304118249889569      -0.25346990306961398       0.96734327321684555     
         284  -21.958954775697656        65.547141405873418      -0.23257640889806924       0.97257812746538685     
         285  -20.977543482121625        65.733100102749006      -0.13934098485309229       0.99024445968668284     
         286  -19.987299022434939        65.872441087602084      -0.13934098485309229       0.99024445968668284     
         287  -18.997054562748261        66.011782072455176      -0.13934098485307836       0.99024445968668484     
         288  -18.006810103061575        66.151123057308268      -0.13934098485309229       0.99024445968668284     
         289  -17.016565643374893        66.290464042161346      -0.13934098485307789       0.99024445968668484     
         290  -16.026321183688207        66.429805027014424      -0.13934098485309204       0.99024445968668284     
         291  -15.031601534966846        66.479415134339476        4.0120770203003510E-002  0.99919483775603934     
         292  -14.032744827815375        66.432148811050013        5.4411876375922950E-002  0.99851857654690201     
         293  -13.034226251268475        66.377736934674090        5.4411876375937120E-002  0.99851857654690113     
         294  -12.038389578960217        66.292128071344052       0.11680585028413751       0.99315476806960956     
         295  -11.053873846695549        66.124563942806674       0.21832240679060580       0.97587669645973074     
         296  -10.077997150235820        65.906241536016068       0.21832240679061934       0.97587669645972763     
         297  -9.0960264150301313        65.720060850546602       0.15403896414829885       0.98806477395164705     
         298  -8.1059770576813985        65.580055932837865       0.12597087126917486       0.99203394074582196     
         299  -7.1139431169355776        65.454085061568691       0.12597087126918896       0.99203394074582019     
         300  -6.1232322546770837        65.318450101977675       0.14529904791284295       0.98938778377116687     
         301  -5.1340541520217968        65.171737326003367       0.14812650403575833       0.98896842153940612     
         302  -4.1450857304823892        65.023610821967623       0.14812650403574432       0.98896842153940823     
         303  -3.1561173089429819        64.875484317931864       0.14812650403575833       0.98896842153940612     
         304  -2.1701131927667960        64.709724923196845       0.18339228543428035       0.98303981081296576     
         305  -1.1895222426227701        64.514059971698771       0.20793761756188181       0.97814208947508674     
         306 -0.21138015314768255        64.306122354136875       0.20793761756188170       0.97814208947508674     
         307  0.77151570384775214        64.123814188717915       0.15667871327603686       0.98764962451578220     
         308   1.7610239955695719        63.979916551241153       0.13111656167750146       0.99136695892785831     
         309   2.7522986212567080        63.848105604152906       0.13250533249900087       0.99118229244641443     
         310   3.7417826834015111        63.703944096284090       0.15581768323863085       0.98778583184319158     
         311   4.7295685152447025        63.548126413045452       0.15581768323863091       0.98778583184319146     
         312   5.7225224392709055        63.439588986907538        6.1257169037197919E-002  0.99812201620921492     
         313   6.7209868540524358        63.433378375267218       -4.8835945756550800E-002  0.99880681335384547     
         314   7.7197578255013006        63.482936659474937       -5.0280622658888760E-002  0.99873512954388199     
         315   8.7172183889933024        63.551704538076208       -8.7255134543653481E-002  0.99618599744012115     
         316   9.7134043864334210        63.638959672619862       -8.7255134543660531E-002  0.99618599744012049     
         317   10.710812740145995        63.708744003236959       -5.2313526690532852E-002  0.99863070998502690     
         318   11.709599709224300        63.757881339302095       -4.5961145439733286E-002  0.99894322817158532     
         319   12.708275943350889        63.752670648660342        5.6382526723247381E-002  0.99840924008159226     
         320   13.705724123644504        63.682606307234224        8.3746156128988586E-002  0.99648712050563859     
         321   14.702683467311831        63.604920279371441        7.1625899596561751E-002  0.99743156682901479     
         322   15.701177726162015        63.554225276919368        2.9764105307592128E-002  0.99955695087135410     
         323   16.700734677033367        63.524461171611776        2.9764105307599174E-002  0.99955695087135399     
         324   17.699258363655488        63.474178351754567        7.0801534406811556E-002  0.99749042237288732     
         325   18.696581809751887        63.401098098433700        7.5358972234923244E-002  0.99715646981990558     
         326   19.693837151203571        63.327071075794940        7.2695073042595509E-002  0.99735421308346206     
         327   20.691235309747690        63.254984033266524        7.1479012014243920E-002  0.99744210400477262     
         328   21.689290758961675        63.193453835889741        5.1581382739321634E-002  0.99866879442320600     
         329   22.688273954644828        63.148926064012755        3.7474161014642932E-002  0.99929759694309728     
         330   23.687879442511893        63.136769920268264       -1.3161873525667982E-002  0.99991337879103037     
         331   24.687759152716474        63.152124297926136       -1.7546881790075020E-002  0.99984604161813095     
         332   25.687605194334608        63.169671179716218       -1.7546881790075020E-002  0.99984604161813095     
         333   26.686403053192343        63.211969178205848       -6.7049115189185327E-002  0.99774967609734033     
         334   27.684223586405352        63.277946675220001       -6.4905878839127337E-002  0.99789139032868734     
         335   28.682702757016610        63.331993755232034       -4.3188281184932079E-002  0.99906695089382835     
         336   29.681867702578920        63.372781490337402       -3.8387189025812077E-002  0.99926294023079665     
         337   30.681496746443379        63.393532725711253       -3.1152817218895765E-003  0.99999514749812335     
         338   31.681452903571223        63.401525807962116       -1.2870882779829156E-002  0.99991716675756104     
         339   32.681260288859086        63.420256583022002       -2.4590667339950294E-002  0.99969760381816264     
         340   33.681082834495498        63.427427896466099        1.0248040451749287E-002  0.99994748745466611     
         341   34.678916029538811        63.376087356083971        9.2433040312520878E-002  0.99571890263195462     
         342   35.661734467503024        63.208154849840760       0.24343197217389451       0.96991797329646823     
         343   36.636416823227080        62.985587379971811       0.20170296756400252       0.97944673815163374     
         344   37.623314469513268        62.831653525478373       0.10616474142286604       0.99434855442074033     
         345   38.616071905523185        62.712258767430455       0.13262477467297668       0.99116631759909113     
         346   39.603401102641840        62.555470782292900       0.18095119560213371       0.98349207663822003     
         347   40.586893179280054        62.374519586690766       0.18095119560214057       0.98349207663821869     
         348   41.576171488756046        62.234429080268583        9.9229817242210694E-002  0.99506454231375252     
         349   42.572427964196123        62.149118680866536        7.1390981561883518E-002  0.99744840856639339     
         350   43.565695003095897        62.039752403953003       0.14734157226518341       0.98908566923316799     
         351   44.553800733472876        61.886108697849849       0.15994583994113704       0.98712579152077895     
         352   45.546816219216602        61.782745387567502        4.6780780623557082E-002  0.99890517996667261     
         353   46.544782755302251        61.720834281510818        7.7041431489796267E-002  0.99702789220462784     
         354   47.535095034015356        61.592122656904500       0.18038181772284617       0.98359666522157441     
         355   48.520106250390512        61.419827842601080       0.16420781088400105       0.98642576752875044     
         356   49.507849848524657        61.263971835189530       0.14750420393909247       0.98906142873953717     
         357   50.497394794339016        61.119786000766481       0.14086746490699623       0.99002846288916180     
         358   51.491971566264006        61.028441310688898        4.1821915248178305E-002  0.99912508096082464     
         359   52.491240909320489        60.990409854847812        3.4240996433993677E-002  0.99941360515214483     
         360   53.490883503674596        60.965276610580091        1.6025492101441288E-002  0.99987158355606187     
         361   54.490810888507205        60.960163325641744       -5.7989222247343273E-003  0.99998318610916226     
         362   55.490696996701558        60.973332827317421       -2.0540081126625871E-002  0.99978903027954436     
         363   56.490590264181975        60.982485881847637        2.2339720661932487E-003  0.99999750468129045     
         364   57.490386598745346        60.967142975657353        2.8451840314367802E-002  0.99959516444544971     
         365   58.488855072420861        60.989349760830429       -7.2865410660511859E-002  0.99734178290557707     
         366   59.481682304383739        61.102002615292534      -0.15244029826369859       0.98831268102016923     
         367   60.469193870457531        61.259466972888603      -0.16248841692844646       0.98671045112742539     
         368   61.460977223591740        61.301095507099191        7.9231348507278157E-002  0.99685625514098986     
         369   62.455898976863864        61.202369092386199       0.11822148091870552       0.99298725140325361     
         370   63.442848575350865        61.046032127279574       0.19445244929454419       0.98091194557072892     
         371   64.415403875113540        60.816215409277660       0.26518098670927487       0.96419865395461701     
         372   65.382723141120039        60.562953416518639       0.24134299880878385       0.97043987805839027     
         373   66.352556706746270        60.319198072047278       0.24616769013392895       0.96922725319407210     
         374   67.317113206011328        60.055918510301233       0.28039143335816258       0.95988574533605564     
         375   68.286991583981148        59.815906959984943       0.19963166727440979       0.97987101060355863     
         376   69.268725392075766        59.625900054893478       0.18038214290852847       0.98359660558570816     
         377   70.253080704912591        59.449757881895657       0.17190220308711324       0.98511402008792726     
         378   71.232204108051008        59.248684475341079       0.23024461002204777       0.97313278618891230     
         379   72.210212982238971        59.041451976666949       0.18422038732620769       0.98288496218702115     
         380   73.193829319781955        58.861223141232337       0.17623728354301779       0.98434771289894196     
         381   74.169429655410894        58.645437592127180       0.25533381466730354       0.96685295835894469     
         382   75.121541433679198        58.343603838298506       0.34833369299003791       0.93737059817764834     
         383   76.044352298922462        57.960224252791477       0.41842547802402252       0.90825113230888310     
         384   76.947956325685112        57.531992990706030       0.43803704614686501       0.89895692121643378     
         385   77.837317076545560        57.075269670200058       0.47540959486509188       0.87976458050447182     
         386   78.714684695326497        56.595476898423186       0.48417594868865282       0.87497065705739130     
         387   79.589898198134122        56.111740324988290       0.48329719818112904       0.87545634855786525     
         388   80.467345240749040        55.632084757870899       0.47601393605366155       0.87943773667196057     
         389   81.340826434871474        55.145380695513779       0.49739418866057628       0.86752465157290315     
         390   82.202884893544990        54.638686658267538       0.51599388583190220       0.85659226577415115     
         391   83.067756549135225        54.136964843874594       0.48744974295398985       0.87315104540628563     
         392   83.942736190787144        53.652819864068960       0.48084021665726118       0.87680823789754514     
         393   84.823537500941683        53.179408929283071       0.46598165291452814       0.88479438241155473     
         394   85.707175801217772        52.711245222445413       0.47034576076078310       0.88248221814060379     
         395   86.582575076800055        52.228066925892371       0.49601083234528831       0.86831633302393552     
         396   87.450891409823981        51.732056093547079       0.49601083234528831       0.86831633302393552     
         397   88.321270548238729        51.239691794433377       0.48871776588211563       0.87244194380554263     
         398   89.194213482326120        50.751870537098199       0.48692474878823355       0.87344392436922680     
         399   90.066612221764444        50.263080329464927       0.49065566647831771       0.87135355450742147     
         400   90.935555766897835        49.768193068731861       0.49911885498780495       0.86653353575938563     
         401   91.796106242686108        49.258963402365836       0.51934047774424119       0.85456741581713935     
         402   92.655174886249597        48.747178567840301       0.50422919130683297       0.86356987130981899     
         403   93.522780371006633        48.249991638007131       0.49014466835951426       0.87164109820426772     
         404   94.394979499609832        47.760841989534072       0.48815462858660552       0.87275715900213235     
         405   95.268053632189833        47.273254934324555       0.48701948183242905       0.87339110615787263     
         406   96.134682634914896        46.774486052777924       0.51051828126083132       0.85986689929226068     
         407   96.991004851690846        46.258089746532377       0.52227433123027489       0.85277753425965030     
         408   97.847408343834360        45.741830382213550       0.51024439740737759       0.86002945002737086     
         409   98.707708801741219        45.232043329105935       0.50932970880786332       0.86057146578636756     
         410   99.563543898544822        44.714875638764113       0.52500567187578340       0.85109872782084295     
         411   100.41427020825370        44.189267187603932       0.52621123044458462       0.85035389159690233     
         412   101.26043373985621        43.656401874552188       0.53951939565889451       0.84197317160813456     
         413   102.10118382795088        43.114983195379004       0.54331796268748034       0.83952700458122598     
         414   102.92882324729963        42.554123183117348       0.57840206183583143       0.81575183411627028     
         415   103.74071065906789        41.970346674363789       0.58915095567128406       0.80802298942023465     
         416   104.54734498583898        41.379300531700750       0.59294132965479640       0.80524566412195120     
         417   105.33679662633143        40.766027920907916       0.63360389193086808       0.77365761686294865     
         418   106.10826878134831        40.129774107006824       0.63890373587130544       0.76928669317081599     
         419   106.87567695637168        39.488621934267385       0.64340060960759171       0.76552965687593011     
         420   107.63786641579836        38.841288477897166       0.65126630313283895       0.75884926197742675     
         421   108.37981898849154        38.171310308240564       0.68869003618036939       0.72505588340891458     
         422   109.10477388153582        37.482513980176790       0.68890261994717028       0.72485390267965366     
         423   109.83179862302457        36.795909997528383       0.68430534534964693       0.72919558029783793     
         424   110.56073524925732        36.111328919897019       0.68485680991307396       0.72867767216766555     
         425   111.28393514102382        35.420735693750409       0.69632964238014983       0.71772211136534780     
         426   112.00165725238918        34.724406051370259       0.69632964238014983       0.71772211136534780     
         427   112.72942068587537        34.038734140401459       0.67501417955745846       0.73780475560704495     
         428   113.47163785027240        33.368607042038384       0.66524001716868320       0.74662957318700562     
         429   114.21826742345939        32.703367024869692       0.66524001716869419       0.74662957318699585     
         430   114.96024417521890        32.032977338191039       0.67553935618861949       0.73732393033202548     
         431   115.69751719731289        31.357382426121472       0.67565046795051498       0.73722211385596004     
         432   116.43473931116885        30.681731958170953       0.67565046795052208       0.73722211385595360     
         433   117.18126661431312        30.016524209626283       0.65476502913882406       0.75583249243257256     
         434   117.93765807243315        29.362405541602108       0.65347230690951941       0.75695042380749811     
         435   118.69995619693444        28.715232230868189       0.64087431455831989       0.76764582519505942     
         436   119.49988880144909        28.117571834497085       0.55444647818389625       0.83221938383425942     
         437   120.33210818528335        27.563125356313186       0.55444647818389625       0.83221938383425942     
         438   121.15230540406188        26.991430946077053       0.58894234228837583       0.80817505372281917     
         439   121.95675291607759        26.397440356051135       0.59903883776346489       0.80071997030859499     
         440   122.76106835991263        25.803268621037272       0.58930463226425656       0.80791091736149323     
         441   123.57829095506841        25.227173106533385       0.56288639674351781       0.82653427295006887     
         442   124.40512510640934        24.664727551917213       0.56200471248882156       0.82713402973179462     
         443   125.23563123046500        24.107750959143274       0.55194847305906247       0.83387821837950027     
         444   126.06950944884449        23.555802486084211       0.55194847305906247       0.83387821837950027     
         445   126.89973044305985        22.998406708961788       0.56284308118578841       0.82656377005122106     
         446   127.72514590179748        22.433884625417519       0.56620108590274187       0.82426714742403506     
         447   128.55505735742503        21.876081258705319       0.54940564752166021       0.83555576383105934     
         448   129.39401308880727        21.331917456102310       0.53892195768437134       0.84235569893344020     
         449   130.24166747970222        20.801462684974926       0.52198758457040861       0.85295308285646665     
         450   131.09856024498924        20.286024646853587       0.50888849167227290       0.86083244771762601     
         451   131.95939269270690        19.777136155181314       0.50888849167227290       0.86083244771762601     
         452   132.82123440088361        19.269962703512050       0.50545841166625294       0.86285096863585231     
         453   133.68772250067752        18.770818155999084       0.49283068335968117       0.87012523095197614     
         454   134.56041023832665        18.282567638129002       0.48367035238048467       0.87525024434623133     
         455   135.43979505581569        17.806535169908337       0.46839458406084539       0.88351939063184559     
         456   136.32553410844491        17.342376293521582       0.45992316871265909       0.88795871462659071     
         457   137.22326194663134        16.902385387152066       0.42005864402637105       0.90749696174627847     
         458   138.13075890837763        16.482326743125689       0.42005864402637105       0.90749696174627847     
         459   139.03914275188077        16.064194833319164       0.41620517558668052       0.90927072526000774     
         460   139.94922308704906        15.649767557256080       0.41264937653948947       0.91088994507655574     
         461   140.85378502171102        15.223684014027588       0.43951770991750078       0.89823392424739545     
         462   141.74727230019084        14.774719962920170       0.45841039229734415       0.88874063271226389     
         463   142.62978180863257        14.304612196510028       0.48180514052293538       0.87627838417119164     
         464   143.50155126355662        13.814782337365493       0.49785457776612752       0.86726052567686429     
         465   144.38102800987821        13.339534671216736       0.45264075453138269       0.89169296696635469     
         466   145.27701760680537        12.895565086695534       0.43529841451101897       0.90028622688797866     
         467   146.17828037287094        12.462298025312428       0.43123570825519969       0.90223930524314688     
         468   147.08242860876334        12.035102519388518       0.42315530359262593       0.90605716654162205     
         469   147.98919307189266        11.613468324421037       0.42011308634233957       0.90747175971702509     
         470   148.90172561451215        11.204651568331400       0.39752042583693248       0.91759332552194595     
         471   149.81931894003407        10.807131142494466       0.39752042583693248       0.91759332552194595     
         472   150.74721455609449        10.435321306596414       0.34609924595916614       0.93819790659886715     
         473   151.68694775541468        10.093442164656206       0.33765903792125268       0.94126849204150786     
         474   152.61986045732499        9.7340906542605303       0.38104398287010133       0.92455691177909116     
         475   153.53730265774078        9.3366243087859591       0.41388870807903860       0.91032748905251915     
         476   154.44763014679330        8.9227356007069201       0.41388870807903860       0.91032748905251915     
         477   155.35795763584582        8.5088468926278793       0.41388870807904010       0.91032748905251848     
         478   156.25694897684829        8.0716481909504711       0.46050869527577698       0.88765519295242201     
         479   157.13521828669019        7.5938854642869753       0.49501675805121836       0.86888342673137786     
         480   158.00410171342156        7.0988687062357601       0.49501675805121770       0.86888342673137819     
         481   158.87298514015293        6.6038519481845466       0.49501675805121637       0.86888342673137897     
         482   159.74395818788645        6.1125395615728397       0.48760801517220187       0.87306266873565597     
         483   160.63220486999597        5.6543684748569980       0.42873415825947653       0.90343069548335486     
         484   161.53563556547931        5.2256343165975156       0.42873415825947803       0.90343069548335431     
         485   162.43906626096268        4.7969001583380297       0.42873415825949185       0.90343069548334753     
         486   163.35064852350069        4.3862617856483537       0.39254258711986362       0.91973382959269501     
         487   164.27785795384551        4.0122519955244371       0.35547699312797054       0.93468503109694490     
         488   165.21254298494244        3.6567750023964738       0.35547699312795722       0.93468503109695000     
         489   166.16458612146505        3.3562956893641083       0.24548163293677025       0.96940124194819199     
         490   167.13434055481343        3.1122173308852723       0.24267508402090263       0.97010762474863987     
         491   168.10444817956210        2.8695422468643712       0.24267508402090179       0.97010762474864010     
         492   169.08288637955644        2.6671377815573143       0.16213384659321523       0.98676877524012063     
         493   170.07354364754727        2.5339202835009340       0.10430114951954587       0.99454576074150636     
         494   171.06808940828878        2.4296191339813866       0.10430114951954675       0.99454576074150614     
         495   172.06147043476528        2.3152053488360265       0.12452642077117389       0.99221629221149188     
         496   173.05298189873650        2.1852993069909559       0.13528566291897035       0.99080663573099614     
         497   174.04378853446752        2.0500136440719863       0.13528566291896971       0.99080663573099625     
         498   175.01836383056315        1.8395624960514194       0.28561663312216651       0.95834395646028769     
         499   175.97238968756244        1.5401853645306032       0.31313762991946470       0.94970775753829684     
         500   176.92209744510075        1.2270477346111344       0.31313762991946648       0.94970775753829628     
         501   177.86226281974911       0.88748927021009094       0.36597929888261915       0.93062299175841701     
         502   178.78300012743227       0.49813264195992296       0.41273395761772319       0.91085162360793503     
         503   179.69294232450210        8.3403345241013088E-002  0.41672463582010577       0.90903277053173415     
         504   180.59802991725019      -0.34172056287360786       0.43352318040913562       0.90114241496444303     
         505   181.49917233221464      -0.77524374328275070       0.43352318040914983       0.90114241496443603     
         506   182.41155960328615       -1.1836454217018364       0.38328017642902246       0.92363212717863896     
         507   183.34132855603070       -1.5514107310838341       0.35225044233497260       0.93590577831041111     
         508   184.27723433434110       -1.9036611734188003       0.35225044233496017       0.93590577831041577     
         509   185.21182144944376       -2.2593762026891557       0.35917961620574740       0.93326845189489394     
         510   186.14457746051031       -2.6198816857275737       0.36183134987109072       0.93224357023819926     
         511   187.07682103074850       -2.9817130355986645       0.36183134987109072       0.93224357023819926     
         512   188.00146372171565       -3.3620242443364967       0.39879106760457350       0.91704181169606680     
         513   188.91608737731866       -3.7662862753166935       0.40973299435582333       0.91220549950995744     
         514   189.82799236998574       -4.1766869919235825       0.41106843885795274       0.91160448582424491     
         515   190.73471106779994       -4.5982636856453967       0.43208494858567348       0.90183290980409214     
         516   191.63654397760399       -5.0303486342310659       0.43208494858567281       0.90183290980409259     
         517   192.53837688740811       -5.4624335828167343       0.43208494858566993       0.90183290980409392     
         518   193.46389218464142       -5.8358162581320565       0.31468040204498104       0.94919768466258336     
         519   194.41445190153561       -6.1463271021815995       0.30634128605410488       0.95192174912579719     
         520   195.35888556169016       -6.4742354033136014       0.34947531620990019       0.93694557118329458     
         521   196.29563334149546       -6.8242400856821002       0.35053404852709924       0.93654998842731363     
         522   197.23173525507303       -7.1759666620205307       0.35291910414976169       0.93565383872783303     
         523   198.16738909380086       -7.5288857661702906       0.35291910414976091       0.93565383872783325     
         524   199.10304293252869       -7.8818048703200514       0.35291910414976091       0.93565383872783325     
         525   200.04139738216068       -8.2273911301019957       0.33825341541412979       0.94105506053613908     
         526   200.98442679834790       -8.5600475531603060       0.32705943070248317       0.94500377183827555     
         527   201.92943057018618       -8.8871069838627932       0.32705943070248478       0.94500377183827511     
         528   202.85775008581734       -9.2561367927510609       0.41100018707404201       0.91163525942402124     
         529   203.76447591037044       -9.6776965998516182       0.43211942712707263       0.90181638968216293     
         530   204.66678650179250       -10.108781605790131       0.43005058474995239       0.90280479316196804     
         531   205.57850111035549       -10.519031557212674       0.39044931809513106       0.92062442396400024     
         532   206.49912553431949       -10.909480875307807       0.39044931809513106       0.92062442396400024     
         533   207.42168856010127       -11.295294582155712       0.38117809560068056       0.92450162759956178     
         534   208.34922172314168       -11.668947377009125       0.36612749410614287       0.93056469848128054     
         535   209.27978642162299       -12.035074871115267       0.36612749410614132       0.93056469848128098     
         536   210.21427803938099       -12.390888907133082       0.34550057792949074       0.93841853703472200     
         537   211.15411871752082       -12.732476621678689       0.33767485116171969       0.94126281924492827     
         538   212.09538153676573       -13.070151472840415       0.33767485116173190       0.94126281924492394     
         539   213.03563460336028       -13.410614943364290       0.34325208988602768       0.93924331394419536     
         540   213.97466595297956       -13.754445925660644       0.34440987470668449       0.93881938529438447     
         541   214.91348533827394       -14.098855800367328       0.34440987470668449       0.93881938529438447     
         542   215.86198690956675       -14.414137541626168       0.28615360781099952       0.95818375729123517     
         543   216.82171982459550       -14.694997487260046       0.27556628345675588       0.96128207276627753     
         544   217.78300189736177       -14.970563770716797       0.27556628345675421       0.96128207276627797     
         545   218.73729375030047       -15.268518395475798       0.32034296606125295       0.94730163311116433     
         546   219.67486091767995       -15.615188187984661       0.37299661895647851       0.92783270164778942     
         547   220.60269361932774       -15.988184806941138       0.37299661895647851       0.92783270164778942     
         548   221.52901204755688       -16.364904878611050       0.38044352438333950       0.92480415481051104     
         549   222.44814768711086       -16.758582909339594       0.40691253707374669       0.91346712429742472     
         550   223.36161481140829       -17.165495446413338       0.40691253707374669       0.91346712429742472     
         551   224.27508193570571       -17.572407983487089       0.40691253707374669       0.91346712429742472     
         552   225.16747494671404       -18.021222856151386       0.49071720825484466       0.87131889771918258     
         553   226.03733704140683       -18.514508994754969       0.49585506895232018       0.86840529166644875     
         554   226.90574233307331       -19.010364063707289       0.49585506895231751       0.86840529166645020     
         555   227.77414762473973       -19.506219132659606       0.49585506895231751       0.86840529166645020     
         556   228.63422094084785       -20.016127911120179       0.52396248796882505       0.85174134054976991     
         557   229.48311048852699       -20.544670647746816       0.53312298528444557       0.84603775480849608     
         558   230.33127787430385       -21.074383704755562       0.52630312873304907       0.85029701674520985     
         559   231.18700833037735       -21.591698968957580       0.50832739967100393       0.86116389540186566     
         560   232.04817222577924       -22.100026368628583       0.50832739967100393       0.86116389540186566     
         561   232.90933612118107       -22.608353768299580       0.50832739967100127       0.86116389540186733     
         562   233.73432241383503       -23.169836866615199       0.61463879696024037       0.78880868990603070     
         563   234.52026386656274       -23.788120400061754       0.62192826993287165       0.78307421554939804     
         564   235.30333808211213       -24.410048669994616       0.62192826993285566       0.78307421554941092     
         565   236.08204317432103       -25.037400149570740       0.63277468921938040       0.77433596886836975     
         566   236.84971290681762       -25.678161382959203       0.64874777755755186       0.76100349612477936     
         567   237.61071640294239       -26.326909160516749       0.64874777755755186       0.76100349612477936     
         568   238.37171989906716       -26.975656938074291       0.64874777755753377       0.76100349612479490     
         569   239.13811356660716       -27.617973316121002       0.63588497853588100       0.77178383895519742     
         570   239.91156656878633       -28.251821498872317       0.63181138696674910       0.77512216540307555     
         571   240.68668873418937       -28.883632885839067       0.63181138696674688       0.77512216540307732     
         572   241.45812474657072       -29.519913419725551       0.64074968080622985       0.76774985935961892     
         573   242.21605937221193       -30.172070332967550       0.66356414567777733       0.74811939192278765     
         574   242.96417876413472       -30.835634478645325       0.66356414567777733       0.74811939192278765     
         575   243.71229815605750       -31.499198624323100       0.66356414567777733       0.74811939192278765     
         576   244.46434486941709       -32.158281498686243       0.65460160304850246       0.75597403479638836     
         577   245.22177386530586       -32.811195237544297       0.65122587466760351       0.75888395698118083     
         578   245.98065782228707       -33.462421112211899       0.65122587466760351       0.75888395698118083     
         579   246.73693965502991       -34.116654992650581       0.65724188620976409       0.75367970850450239     
         580   247.48876954248658       -34.776006150579192       0.66146042964744378       0.74998006640884751     
         581   248.23874960889543       -35.437466580226641       0.66146042964744767       0.74998006640884385     
         582   248.98872967530428       -36.098927009874103       0.66146042964746576       0.74998006640882786     

           0
